[gd_scene load_steps=4 format=2]

[ext_resource path="res://materials/chrome_material.tres" type="Material" id=1]
[ext_resource path="res://meshes/cairo.tres" type="ArrayMesh" id=2]
[ext_resource path="res://scripts/Building.gd" type="Script" id=3]

[node name="Barrier" type="StaticBody"]
script = ExtResource( 3 )

[node name="cairo" type="MeshInstance" parent="."]
visible = false
mesh = ExtResource( 2 )
material/0 = null
material/1 = null
__meta__ = {
"_edit_lock_": true
}

[node name="CSGCombiner" type="CSGCombiner" parent="."]
material_override = ExtResource( 1 )

[node name="CSGCombiner" type="CSGCombiner" parent="CSGCombiner"]

[node name="CSGBox" type="CSGBox" parent="CSGCombiner/CSGCombiner"]
transform = Transform( 1, 0, 0, 0, 1, 0, 0, 0, 1, 0, 12, 0 )
height = 22.0

[node name="CSGBox5" type="CSGBox" parent="CSGCombiner/CSGCombiner"]
transform = Transform( 1, 0, 0, 0, 0.915663, 0.401948, 0, -0.401948, 0.915663, -0.1, 12, 5 )
width = 1.0
height = 20.0
depth = 1.0

[node name="CSGBox6" type="CSGBox" parent="CSGCombiner/CSGCombiner"]
transform = Transform( 1, 0, 0, 0, 0.915663, -0.401948, 0, 0.401948, 0.915663, -0.1, 12, 5 )
width = 1.0
height = 20.0
depth = 1.0

[node name="CSGBox2" type="CSGBox" parent="CSGCombiner/CSGCombiner"]
transform = Transform( 1, 0, 0, 0, 1, 0, 0, 0, 1, 0, 12, 10 )
height = 22.0

[node name="CSGBox3" type="CSGBox" parent="CSGCombiner/CSGCombiner"]
transform = Transform( 1, 0, 0, 0, 1, 0, 0, 0, 1, 0, 22, 5 )
depth = 12.0

[node name="CSGBox4" type="CSGBox" parent="CSGCombiner/CSGCombiner"]
transform = Transform( 1, 0, 0, 0, 1, 0, 0, 0, 1, 0, 2, 5 )
depth = 12.0

[node name="CSGCombiner2" type="CSGCombiner" parent="CSGCombiner"]
transform = Transform( -4.37114e-08, 0, 0.95, 0, 1, 0, -1, 0, -4.15258e-08, 0, 0, 0 )

[node name="CSGBox" type="CSGBox" parent="CSGCombiner/CSGCombiner2"]
transform = Transform( 1, 0, 0, 0, 1, 0, 0, 0, 1, 0, 12, 0 )
height = 22.0

[node name="CSGBox5" type="CSGBox" parent="CSGCombiner/CSGCombiner2"]
transform = Transform( 1, 0, 0, 0, 0.915663, 0.401948, 0, -0.401948, 0.915663, -0.1, 12, 5 )
width = 1.0
height = 20.0
depth = 1.0

[node name="CSGBox6" type="CSGBox" parent="CSGCombiner/CSGCombiner2"]
transform = Transform( 1, 0, 0, 0, 0.915663, -0.401948, 0, 0.401948, 0.915663, -0.1, 12, 5 )
width = 1.0
height = 20.0
depth = 1.0

[node name="CSGBox2" type="CSGBox" parent="CSGCombiner/CSGCombiner2"]
transform = Transform( 1, 0, 0, 0, 1, 0, 0, 0, 1, 0, 12, 10 )
height = 22.0

[node name="CSGBox3" type="CSGBox" parent="CSGCombiner/CSGCombiner2"]
transform = Transform( 1, 0, 0, 0, 1, 0, 0, 0, 1, 0, 22, 5 )
depth = 12.0

[node name="CSGBox4" type="CSGBox" parent="CSGCombiner/CSGCombiner2"]
transform = Transform( 1, 0, 0, 0, 1, 0, 0, 0, 1, 0, 2, 5 )
depth = 12.0

[node name="CSGCombiner3" type="CSGCombiner" parent="CSGCombiner"]
transform = Transform( 0.866025, 0, 0.475, 0, 1, 0, -0.5, 0, 0.822724, 10.1535, 0, 0.446602 )

[node name="CSGBox" type="CSGBox" parent="CSGCombiner/CSGCombiner3"]
transform = Transform( 1, 0, 0, 0, 1, 0, 0, 0, 1, 0, 12, 0 )
height = 22.0

[node name="CSGBox5" type="CSGBox" parent="CSGCombiner/CSGCombiner3"]
transform = Transform( 1, 0, 0, 0, 0.915663, 0.401948, 0, -0.401948, 0.915663, -0.1, 12, 5 )
width = 1.0
height = 20.0
depth = 1.0

[node name="CSGBox6" type="CSGBox" parent="CSGCombiner/CSGCombiner3"]
transform = Transform( 1, 0, 0, 0, 0.915663, -0.401948, 0, 0.401948, 0.915663, -0.1, 12, 5 )
width = 1.0
height = 20.0
depth = 1.0

[node name="CSGBox2" type="CSGBox" parent="CSGCombiner/CSGCombiner3"]
transform = Transform( 1, 0, 0, 0, 1, 0, 0, 0, 1, 0, 12, 10 )
height = 22.0

[node name="CSGBox3" type="CSGBox" parent="CSGCombiner/CSGCombiner3"]
transform = Transform( 1, 0, 0, 0, 1, 0, 0, 0, 1, 0, 22, 5 )
depth = 12.0

[node name="CSGBox4" type="CSGBox" parent="CSGCombiner/CSGCombiner3"]
transform = Transform( 1, 0, 0, 0, 1, 0, 0, 0, 1, 0, 2, 5 )
depth = 12.0

[node name="CSGCombiner4" type="CSGCombiner" parent="CSGCombiner"]
transform = Transform( 0.5, 0, -0.866025, 0, 1, 0, 0.866025, 0, 0.5, 14.7191, 0, 8.79875 )

[node name="CSGBox" type="CSGBox" parent="CSGCombiner/CSGCombiner4"]
transform = Transform( 1, 0, 0, 0, 1, 0, 0, 0, 1, 0, 12, 0 )
height = 22.0

[node name="CSGBox5" type="CSGBox" parent="CSGCombiner/CSGCombiner4"]
transform = Transform( 1, 0, 0, 0, 0.915663, 0.401948, 0, -0.401948, 0.915663, -0.1, 12, 5 )
width = 1.0
height = 20.0
depth = 1.0

[node name="CSGBox6" type="CSGBox" parent="CSGCombiner/CSGCombiner4"]
transform = Transform( 1, 0, 0, 0, 0.915663, -0.401948, 0, 0.401948, 0.915663, -0.1, 12, 5 )
width = 1.0
height = 20.0
depth = 1.0

[node name="CSGBox2" type="CSGBox" parent="CSGCombiner/CSGCombiner4"]
transform = Transform( 1, 0, 0, 0, 1, 0, 0, 0, 1, 0, 12, 10 )
height = 22.0

[node name="CSGBox3" type="CSGBox" parent="CSGCombiner/CSGCombiner4"]
transform = Transform( 1, 0, 0, 0, 1, 0, 0, 0, 1, 0, 22, 5 )
depth = 12.0

[node name="CSGBox4" type="CSGBox" parent="CSGCombiner/CSGCombiner4"]
transform = Transform( 1, 0, 0, 0, 1, 0, 0, 0, 1, 0, 2, 5 )
depth = 12.0

[node name="CSGCombiner5" type="CSGCombiner" parent="CSGCombiner"]
transform = Transform( 0.529919, 0, 0.559712, 0, 1, 0, -0.848048, 0, 0.349747, 0.107347, 1.90735e-06, 10.4665 )

[node name="CSGBox" type="CSGBox" parent="CSGCombiner/CSGCombiner5"]
transform = Transform( 1, 0, 0, 0, 1, 0, 0, 0, 1, 0, 12, 0 )
height = 22.0

[node name="CSGBox5" type="CSGBox" parent="CSGCombiner/CSGCombiner5"]
transform = Transform( 1, 0, 0, 0, 0.915663, 0.401948, 0, -0.401948, 0.915663, -0.1, 12, 5 )
width = 1.0
height = 20.0
depth = 1.0

[node name="CSGBox6" type="CSGBox" parent="CSGCombiner/CSGCombiner5"]
transform = Transform( 1, 0, 0, 0, 0.915663, -0.401948, 0, 0.401948, 0.915663, -0.1, 12, 5 )
width = 1.0
height = 20.0
depth = 1.0

[node name="CSGBox2" type="CSGBox" parent="CSGCombiner/CSGCombiner5"]
transform = Transform( 1, 0, 0, 0, 1, 0, 0, 0, 1, 0, 12, 10 )
height = 22.0

[node name="CSGBox3" type="CSGBox" parent="CSGCombiner/CSGCombiner5"]
transform = Transform( 1, 0, 0, 0, 1, 0, 0, 0, 1, 0, 22, 5 )
depth = 12.0

[node name="CSGBox4" type="CSGBox" parent="CSGCombiner/CSGCombiner5"]
transform = Transform( 1, 0, 0, 0, 1, 0, 0, 0, 1, 0, 2, 5 )
depth = 12.0

[node name="CSGBox7" type="CSGBox" parent="CSGCombiner"]
transform = Transform( 0.689228, 0, -0.724545, 0, 1, 0, 0.724545, 0, 0.689228, 5.60805, 22.3014, 5.95306 )
width = 15.0
height = 1.0
depth = 1.0

[node name="CSGBox8" type="CSGBox" parent="CSGCombiner"]
transform = Transform( 0.855915, 0, 0.517116, 0, 1, 0, -0.517116, 0, 0.855915, 5.63552, 22.3014, 7.05739 )
width = 15.0
height = 1.0
depth = 1.0
